1A1d1a1m1 1M1i1c1k1i1e1w0(5,2)1z1
1
1P1a1n1 1T1a1d1e1u1s0(12,2)0(15,2)1y1l1i1 1o1s1t1a1t1n0(7,2)1z1a1j1a1z1d1 1n1a1 1L1i1t0(44,2)1e0(43,2)1
1K1s1i111g0(16,2)1p0(13,2)1r1w0(48,2)1a0(18,3)1
1G0(47,2)1p1o0(85,2)1r0(53,2)1w1o0(78,3)1o1w1r111t0(33,2)0(86,2)0(94,3)0(41,2)1111 1S0(31,2)1t1k0(15,3)1e1 0(62,4)0(60,8)0(13,2)1w0(10,2)1o1k1o1i1k1u1,1 1d1r1u1g0(31,3)1u0(33,2)1t1o110(6,2)0(54,4)1W1a110(124,3)1S0(50,2)1d1z0(27,2)1g1o0(137,3)1u0(70,2)0(158,2)1 1g1r0(60,2)0(91,2)1n0(40,2)11c0(165,2)0(41,4)0(116,2)1d0(71,2)1m1o0(22,3)0(37,3)1u1w1a0(74,2)0(89,3)0(201,2)1t1y0(37,3)0(84,2)0(54,2)0(196,2)0(28,2)0(247,3)0(44,8)0(21,2)111t1e1k0(107,2)0(36,2)0(118,2)0(79,3)1K0(251,2)0(56,4)0(30,2)1S0(142,3)0(125,2)0(180,6)111a1l0(59,2)1W1o1j1s0(298,3)0(29,3)0(19,4)1O0(281,7)0(21,2)111n1y0(310,2)1r1y1b1u0(93,2)0(175,8)1R1z1u0(247,2)0(65,2)0(62,2)0(180,3)0(258,2)1w0(101,2)1e1s0(36,3)0(50,3)0(352,2)0(141,9)0(15,2)0(331,4)0(5,2)0(67,2)1E1u1r1o1p1y0(304,2)1 1 0(1,2)0(19,4)1o1!0(94,2)1j0(384,3)0(215,3)0(173,3)0(377,2)0(14,2)0(48,2)1 1j0(66,2)0(168,2)0(230,2)0(7,2)1a0(173,2)0(394,2)0(48,2)0(389,3)1:1
1I0(151,3)0(248,2)0(328,3)1t0(240,3)1b0(107,2)1c1e0(146,2)110(323,2)0(41,2)0(104,2)0(51,2)1l0(194,2)0(358,6)1d0(45,4)1,0(434,2)0(336,2)0(45,6)0(73,2)1r1a0(8,2)0(172,2)1.1 1D0(334,2)0(83,3)0(390,2)0(20,2)1k0(324,4)0(59,2)0(54,2)1w0(273,2)0(398,3)1c0(203,3)1e1j0(195,2)0(106,2)1o1b0(495,3)1W1i0(376,2)0(56,3)0(529,3)0(43,2)1s1u1j0(10,2)0(99,2)1b0(76,2)1t0(7,2)0(274,2)0(113,3)0(456,3)0(12,3)0(40,4)1.0(197,6)0(585,3)0(187,3)0(79,2)0(118,2)0(27,2)0(244,2)0(43,2)1c0(12,2)1J1a0(258,2)0(80,3)1b0(185,2)0(48,2)0(497,2)1 1C0(78,3)0(480,3)1c1h0(154,2)0(249,2)1I0(112,3)0(336,3)1r0(31,3)0(51,4)0(465,2)0(33,4)1B0(163,2)0(422,2)1e0(251,2)1T1y0(63,5)0(489,2)0(328,2)0(444,2)0(582,2)1m0(212,2)0(49,3)1N0(4,2)1o0(17,5)1z0(402,2)0(147,2)0(69,2)0(43,2)0(85,2)0(96,2)0(52,2)0(1,2)0(295,2)0(417,3)0(67,3)1r0(352,2)0(733,2)1l1u0(717,2)1m1!1
0(123,2)0(307,2)1m0(628,4)0(573,4)0(751,2)0(31,2)0(212,2)0(323,7)0(703,3)0(677,5)0(269,4)0(241,2)0(265,2)1c0(48,4)1
1(1G1d0(368,2)0(550,2)0(27,2)0(20,3)0(545,4)0(342,2)0(152,2)1m0(494,2)0(106,2)0(137,2)0(735,3)0(145,2)0(123,2)0(257,2)0(292,2)0(266,3)0(569,2)0(197,2)1
1O1f0(70,2)0(75,3)0(129,2)0(168,3)0(37,2)1r0(320,5)0(38,3)0(111,2)0(781,2)0(323,3)0(132,2)0(97,3)0(40,5)1;0(231,3)0(191,2)0(169,2)0(163,2)0(468,2)1g0(25,6)0(23,2)0(179,2)1o0(754,3)0(142,2)0(83,2)0(531,2)1h0(305,6)0(656,2)1y110(27,2)0(82,2)1g1u0(49,2)0(403,5)0(828,3)0(164,5)0(314,2)0(194,2)0(776,2)0(40,2)0(201,3)0(96,3)0(203,2)0(437,3)0(119,3)0(32,3)1B0(43,3)1)0(480,2)0(956,2)0(231,2)0(625,2)1s0(211,9)0(272,3)0(208,5)0(646,4)0(593,7)0(215,2)0(121,2)0(70,2)1o0(423,2)0(342,2)1m0(916,3)0(749,2)0(133,3)0(571,3)0(508,4)0(619,4)0(186,3)1d0(1022,3)0(465,3)0(704,2)0(476,6)0(44,2)0(19,2)1
1D0(478,3)0(159,4)0(970,2)1g0(87,2)1r1k0(722,3)0(346,2)0(652,3)0(77,2)0(19,2)0(189,5)0(28,5)0(88,2)0(41,2)0(667,3)0(156,2)1l0(51,2)0(24,4)1
1S0(87,2)0(196,2)0(365,3)0(885,4)1b0(29,3)0(173,2)0(732,2)0(405,4)1N0(34,2)0(397,2)0(120,3)0(28,2)1z0(654,3)11g0(100,4)0(48,3)0(287,2)0(102,9)0(96,2)1l0(330,3)0(71,2)0(340,4)0(15,3)1z0(619,2)0(246,2)0(48,6)0(21,2)0(67,2)0(9,2)0(91,2)1W0(203,2)0(412,4)0(31,6)1p0(1090,3)0(1123,3)0(74,2)0(415,4)1s0(582,2)0(612,2)0(217,2)0(24,5)0(300,3)0(45,3)0(88,2)0(463,2)0(150,3)0(131,2)0(871,2)0(40,2)0(96,2)0(235,2)0(885,3)0(615,5)0(38,2)0(451,2)0(50,2)0(583,2)1y0(937,3)0(855,4)0(209,3)0(992,3)0(39,2)0(463,2)0(91,3)0(99,2)0(53,6)0(1214,4)0(235,2)10(1019,3)0(128,3)1u0(658,3)0(11,2)0(527,2)0(10,2)0(382,5)0(393,3)0(973,2)0(348,3)0(35,2)0(48,5)1A0(422,2)0(96,2)1y0(712,2)0(243,3)0(340,4)0(21,2)1s0(59,2)0(64,2)0(89,3)1b0(112,2)0(25,2)0(336,3)1g0(162,4)0(66,3)0(844,3)0(340,2)1Z0(297,5)0(17,4)0(65,3)0(99,3)0(611,2)0(430,2)0(184,3)0(1215,2)0(967,3)0(204,2)1h0(56,2)0(152,2)0(394,3)0(1321,4)0(47,5)0(858,7)110(776,5)0(853,2)0(143,2)0(297,8)0(107,4)0(17,2)1l0(672,2)0(640,3)0(363,5)0(1277,4)0(355,3)0(174,3)0(482,3)1j0(1363,2)0(814,2)0(162,4)0(442,5)0(1183,2)0(105,3)0(250,3)0(1051,2)0(206,2)0(45,2)1w0(276,3)0(260,3)0(1,2)0(273,2)0(45,2)0(1484,2)0(42,4)1S0(89,2)0(203,2)0(221,2)1w0(44,3)0(121,2)1z0(84,2)0(136,3)0(1569,3)0(42,2)0(155,2)0(816,2)0(86,2)0(400,2)0(9,2)0(505,2)0(85,2)0(639,4)1m0(1206,3)0(416,4)0(350,2)0(147,2)0(948,5)0(55,2)0(1251,3)0(1037,4)0(43,3)0(1329,3)0(199,3)0(37,2)0(1043,3)0(67,2)0(694,4)0(1440,3)0(801,4)0(631,4)0(352,3)0(20,2)0(217,3)0(74,2)0(469,3)0(871,3)0(14,2)0(420,2)0(878,4)0(333,3)0(535,3)0(262,3)0(30,3)0(463,3)0(42,2)0(413,2)0(1324,3)0(1021,6)0(2,2)0(1081,5)0(886,4)0(40,2)0(951,3)0(1068,2)0(644,4)0(1300,3)0(43,2)0(21,2)0(282,2)0(569,2)0(85,2)0(343,3)0(84,2)0(116,2)1l0(739,3)0(227,9)0(173,7)0(184,3)0(724,3)10(98,3)1h0(1602,3)0(812,2)0(23,2)0(907,3)0(1150,3)0(10,2)0(662,4)0(57,3)0(243,4)0(49,5)0(398,4)0(1586,3)0(234,2)0(68,5)0(139,2)0(1368,3)0(1464,4)0(50,3)1
1U0(173,2)0(923,3)0(1698,4)0(144,3)0(1031,4)0(1201,3)0(1661,3)0(81,2)0(147,2)0(662,2)0(534,3)0(225,3)0(906,3)0(256,5)0(1131,4)0(845,2)0(221,3)0(153,2)0(1337,3)0(929,3)0(234,7)0(536,2)0(207,2)0(691,2)0(7,2)1b0(1074,2)0(358,2)0(381,4)0(729,6)0(141,4)0(125,2)0(39,4)0(314,3)0(33,3)0(21,2)0(115,2)0(42,2)0(1053,2)1c0(106,5)1w0(1194,2)0(1623,3)0(38,2)0(151,3)0(1835,4)0(115,2)0(99,2)0(378,2)0(460,3)1w0(375,7)0(127,3)0(599,2)0(1356,4)0(707,5)1g0(284,3)0(48,2)0(521,3)0(80,16)0(1228,3)0(53,6)1O0(65,2)0(1234,3)0(798,4)0(1688,4)0(755,5)0(955,3)0(412,3)0(151,2)0(625,2)0(327,2)0(428,3)0(39,2)0(1805,3)0(148,2)0(1443,2)0(1197,2)0(812,2)0(397,3)0(19,3)0(512,3)1a1p0(325,2)0(1859,5)0(1018,3)0(1933,2)0(1356,3)0(1351,3)0(1289,2)0(40,4)1U0(303,2)1a0(26,4)0(1579,3)0(273,3)0(718,4)1k0(872,3)0(339,3)0(1796,3)0(82,3)0(1662,3)0(109,4)0(1963,3)0(386,3)0(534,2)0(1718,2)0(1872,2)0(2033,4)0(686,2)0(837,3)0(111,2)0(657,2)0(4,2)0(1868,4)0(1925,3)0(449,7)0(384,4)0(1985,3)0(44,5)0(320,2)0(1543,4)0(1864,5)0(173,2)0(510,3)0(262,3)0(2113,2)0(629,2)0(1381,2)0(604,3)0(381,5)0(1384,5)0(72,2)0(1361,4)0(1536,3)0(900,3)0(92,4)0(191,2)0(397,4)0(1667,2)0(685,3)0(308,5)0(915,4)0(814,4)0(116,2)0(25,7)0(676,4)0(207,2)0(89,2)0(49,3)0(855,7)1W0(1536,5)0(1572,5)1w0(2139,2)0(618,2)0(920,3)0(626,3)0(1049,2)0(1805,4)0(614,2)0(59,2)0(545,4)1m0(1339,3)0(1561,3)0(1041,3)0(152,2)0(434,3)0(732,4)0(118,3)0(94,3)0(1624,5)0(3,3)0(62,3)1c0(88,3)0(1617,8)0(921,7)0(856,2)0(47,3)0(521,3)0(133,2)0(410,2)0(458,3)0(402,3)0(1440,3)0(343,2)1u1;0(484,3)0(112,4)0(236,4)0(937,2)0(1500,4)0(1071,2)1m0(524,3)0(1335,2)0(1450,3)0(1939,3)0(420,2)0(638,3)0(76,2)0(171,3)0(1318,6)0(8,2)0(865,4)0(59,4)0(2458,3)0(640,4)0(159,2)0(47,2)0(20,2)0(89,3)0(180,4)0(2291,4)0(21,2)0(1073,2)0(519,2)1:0(1947,4)0(941,3)0(513,2)0(812,4)0(125,3)0(1013,3)0(1848,4)0(1961,4)0(29,2)0(1143,2)0(245,3)0(504,3)1p0(360,2)0(2310,3)0(1,2)0(2279,4)0(2263,3)0(322,2)0(1549,3)0(23,6)0(767,5)1e0(305,2)0(47,6)0(94,2)0(2387,3)0(208,3)0(499,3)0(231,3)0(88,2)1f0(125,2)0(383,3)0(1096,6)0(969,4)0(257,3)0(183,2)0(603,4)0(337,4)0(1390,2)0(748,4)0(610,2)0(1652,3)0(62,2)0(429,3)10(647,3)0(35,7)0(558,4)0(493,3)0(1442,3)0(181,2)0(203,3)0(27,3)0(981,4)0(1820,4)0(51,4)0(962,3)0(578,3)0(34,6)0(89,5)0(702,3)0(335,2)0(372,3)0(2152,5)0(439,2)0(1104,5)0(1409,3)0(872,7)0(2193,2)1K0(182,2)0(1415,2)0(294,2)0(69,3)0(2571,4)0(1000,3)0(199,3)0(16,2)0(533,2)0(64,2)0(195,3)0(218,2)0(23,5)0(1545,2)0(209,3)0(2196,4)1W0(131,4)0(599,4)0(897,2)0(233,4)0(461,2)0(21,2)0(825,3)0(1172,8)0(2456,4)0(677,3)0(706,4)0(185,2)1g1l0(631,3)0(1409,3)0(401,2)0(112,2)0(84,2)0(849,3)0(2371,3)0(936,4)0(77,2)1j0(154,2)0(359,3)0(37,4)0(1853,3)0(770,3)0(429,5)0(167,6)0(2623,3)0(687,3)0(300,2)0(886,3)0(2468,3)0(25,7)0(542,3)0(94,3)0(268,2)1Z0(154,2)1t0(1357,3)0(749,2)0(38,3)0(1309,5)1a0(2473,2)0(932,3)0(923,3)0(2206,2)0(34,2)0(168,3)0(2153,4)0(262,3)0(44,5)1L0(1198,4)0(2219,4)0(1146,2)0(1217,6)0(132,3)0(14,6)0(2468,6)0(861,3)0(50,2)0(96,3)0(2518,5)0(139,3)0(1590,5)0(8,2)0(536,3)0(148,2)0(657,2)0(124,10)0(595,3)0(2383,3)0(2615,3)0(824,3)0(230,6)0(1481,3)0(82,3)0(642,3)0(43,3)0(898,2)1T0(357,2)0(321,3)0(24,3)0(1634,3)0(226,3)0(2544,3)0(545,3)0(261,2)0(1753,2)0(172,2)0(414,2)0(2133,3)0(2794,4)1j0(1525,4)0(334,3)0(185,2)0(3037,2)0(515,3)0(107,3)0(61,2)0(1961,3)0(199,3)0(46,2)0(12,3)0(407,2)0(1739,5)0(175,3)0(233,2)0(1546,2)0(685,3)0(8,2)0(1325,4)0(44,2)0(1552,2)0(2184,3)0(427,3)0(1140,2)0(446,4)1g0(817,4)0(23,3)0(3119,6)0(407,5)0(1360,4)1p0(2480,3)0(145,3)0(636,3)0(380,3)1z0(1175,3)0(953,6)0(1044,4)0(84,5)0(422,3)0(1077,2)1p0(3056,5)0(133,3)0(126,2)0(1584,2)0(663,3)0(1392,6)0(1370,3)0(488,2)0(51,7)1A1l0(542,3)0(241,3)0(1859,6)0(2252,3)0(865,2)0(154,3)0(2776,3)0(559,3)0(322,3)0(2926,4)0(202,5)0(1739,3)0(2802,3)0(479,2)1S0(935,5)0(2976,2)0(17,2)0(2956,3)0(1429,4)0(145,3)0(263,3)0(516,3)0(2754,3)0(856,3)0(3146,7)0(2849,6)1e0(201,2)1W0(1860,2)0(374,3)0(300,2)0(217,6)0(98,2)0(775,4)0(3350,4)0(136,3)0(817,3)0(2453,7)0(791,5)0(2391,4)0(2051,5)0(1012,6)0(140,4)0(1320,4)0(27,2)1F0(13,2)0(25,2)0(635,3)0(11,3)0(96,2)0(1297,2)1K0(1258,2)0(40,3)0(751,4)0(161,4)0(2838,3)0(463,2)0(2140,4)0(331,3)0(1117,4)0(755,3)0(3107,3)0(490,5)0(3098,4)0(2254,3)0(10,2)0(298,2)0(1891,3)1O0(231,2)0(1312,2)0(434,2)0(2241,2)0(346,2)0(612,3)0(1912,3)0(338,4)0(2798,7)0(241,3)0(57,2)0(2143,4)0(41,3)0(474,2)0(1985,2)0(2503,5)0(358,4)0(243,2)0(787,4)0(305,3)1P0(883,3)0(98,3)0(378,6)0(66,2)0(17,3)1M0(6,2)0(1835,3)0(1800,3)0(273,3)0(1252,3)0(1130,2)0(203,2)0(1347,2)0(338,4)1 0(35,2)0(45,4)0(2321,3)0(1651,4)0(616,5)1w0(1059,4)0(939,3)0(47,3)0(183,2)0(2123,2)0(782,2)0(197,2)0(818,4)0(1816,5)0(106,3)0(1611,2)0(1888,3)0(48,2)0(2095,2)0(295,2)0(2951,3)0(155,3)0(2975,2)0(310,2)0(1074,2)0(1581,3)0(204,3)0(378,6)0(1775,2)0(658,4)0(836,3)0(529,4)0(333,2)0(25,3)0(660,5)0(107,2)0(3235,3)0(46,2)0(2841,5)0(2972,6)0(1460,3)0(187,3)0(70,2)0(1945,3)0(1871,4)0(2889,4)0(1276,7)0(1072,4)0(2824,3)0(76,2)1n0(101,2)0(177,2)0(183,2)1B0(951,6)0(5,2)1D0(26,2)0(2075,3)0(689,5)0(3571,4)0(1163,3)0(280,3)1e0(862,3)0(431,2)0(964,2)0(42,3)0(1504,7)1B0(1026,4)0(1427,4)0(3332,3)0(771,4)0(1660,7)0(491,3)0(37,2)0(1071,5)0(3639,3)0(159,2)0(962,3)0(2551,7)0(1676,7)0(1209,4)0(3125,5)0(1080,4)1b0(655,3)0(239,3)0(1219,4)0(483,4)0(24,4)0(288,4)0(837,3)0(2430,5)0(1128,3)0(1680,4)0(21,2)0(1975,4)1f0(178,6)0(31,4)0(432,4)0(1195,6)0(938,2)0(2625,3)0(3014,5)10(153,2)0(2738,3)0(656,2)0(729,2)0(927,10)0(1464,2)0(1813,3)0(304,3)0(137,5)0(3045,4)0(131,7)0(1295,4)0(19,2)0(1067,2)110(48,2)0(3277,2)0(3526,2)0(644,5)0(2002,3)1t0(118,2)0(165,9)1?0(3762,2)0(402,7)0(4,2)0(65,2)0(1435,5)0(112,4)0(40,2)0(620,3)0(153,2)0(353,2)0(663,2)0(80,2)0(3963,4)0(98,3)1P0(447,2)0(2117,2)1s0(947,3)0(3124,2)0(63,10)0(1871,6)0(2630,6)0(1247,3)0(596,5)0(66,6)0(3422,3)0(37,2)0(753,4)0(2873,2)0(656,4)0(3069,3)1j0(108,2)1F0(1119,3)0(1578,2)0(182,3)1o1?0(2653,4)0(749,4)0(407,2)0(1134,3)0(1615,3)0(241,3)0(1958,3)0(303,2)0(1758,2)0(2829,10)0(1761,5)0(44,3)0(43,2)0(895,3)0(1278,2)0(3766,3)0(40,2)1b1e0(3010,4)0(942,4)0(247,2)0(4,3)0(2034,9)0(147,3)0(414,3)0(231,2)0(42,3)0(480,4)0(133,6)0(89,2)0(1121,5)0(807,4)0(2322,3)0(757,2)0(2816,4)0(2861,3)0(84,2)0(43,4)0(175,3)0(2335,6)0(3738,2)0(422,3)0(1774,2)0(143,2)0(3010,7)0(3046,6)0(259,3)0(606,3)0(1767,5)0(25,2)0(385,2)0(3773,3)0(60,2)0(3179,4)0(1405,2)0(3638,5)0(790,5)0(1269,2)0(4003,3)0(261,5)0(134,2)0(464,3)0(88,2)0(3180,4)0(903,4)0(42,2)0(315,4)0(33,3)0(248,2)0(1346,5)0(971,3)0(438,3)0(1987,4)0(13,3)0(482,3)0(764,2)0(1295,3)0(497,2)0(1860,5)0(570,3)0(344,2)0(82,3)0(483,2)0(2679,4)0(821,3)0(10,2)0(1600,2)0(848,3)0(403,4)0(157,3)0(772,2)0(1602,2)0(38,4)0(1873,13)0(4116,4)0(552,5)0(2765,4)0(268,2)0(662,3)0(1359,3)0(197,4)0(4168,5)0(3243,3)0(3765,5)0(1080,2)0(983,2)0(851,2)0(952,2)0(625,4)0(175,5)0(3043,5)0(1833,5)0(1375,3)0(3515,3)0(2474,3)0(3694,4)0(62,3)0(417,3)0(426,3)0(3716,3)0(802,4)0(2228,4)0(2479,4)10(3878,4)0(3888,5)0(351,3)0(1856,5)0(417,3)0(2047,4)0(373,4)0(2023,5)0(759,3)0(535,2)0(3733,3)0(119,2)0(536,2)0(126,3)0(611,3)0(651,3)0(2173,3)0(161,2)0(159,2)0(3148,3)0(1349,7)0(48,2)0(51,2)0(44,4)0(1214,3)0(991,7)0(1778,3)0(3913,3)1b0(7,4)0(1604,3)1y1f0(317,3)0(1741,5)0(127,2)0(3459,4)0(2677,4)0(629,2)0(2349,3)0(241,2)0(918,4)0(846,5)0(1106,6)0(1198,3)0(549,4)0(131,4)0(291,2)0(24,2)0(105,4)0(349,3)0(1104,3)0(10,2)0(48,4)0(3507,3)0(526,5)0(496,4)0(2761,6)0(2882,6)0(523,6)0(470,9)0(1502,3)0(3219,3)0(2718,3)0(513,6)0(332,3)0(1192,4)0(301,2)0(1651,4)0(205,3)0(2734,5)0(889,3)0(715,5)0(729,2)0(1160,3)0(42,4)0(1587,2)0(1861,4)0(311,2)0(997,4)0(2154,7)0(1933,4)0(90,4)0(59,2)0(2736,5)0(4784,4)0(704,3)0(3244,3)0(4419,4)0(2947,4)0(1106,3)0(541,3)0(680,2)0(3185,3)0(2340,4)0(589,5)0(19,3)0(1184,3)0(1930,6)0(2413,4)0(51,4)0(2963,6)0(154,4)0(316,2)0(540,3)0(1002,3)0(2240,3)0(1334,2)0(224,2)0(2449,8)0(186,2)0(135,2)0(3265,4)0(114,5)0(1614,5)0(52,3)0(3487,4)0(4287,3)0(3163,4)0(789,3)0(1766,5)0(33,2)0(710,4)0(146,3)0(2830,6)0(2284,4)0(480,2)0(148,5)0(44,9)0(376,7)0(620,3)0(759,2)0(315,2)0(7,4)0(758,5)0(515,3)0(2945,12)0(3796,6)0(2981,3)0(153,2)0(121,5)1y0(362,2)0(4786,4)0(3353,7)0(2389,3)0(354,4)0(242,2)0(1307,2)0(2016,5)1z0(358,6)0(458,2)0(2353,4)0(4223,2)1C0(86,2)1b0(1994,8)0(611,2)0(2983,4)0(151,2)0(1775,4)0(184,6)0(444,4)0(131,5)0(1306,2)0(195,2)0(2547,2)0(276,3)0(2910,4)0(929,5)0(361,2)0(89,2)0(2707,2)0(2893,4)0(461,2)0(3934,3)0(502,8)0(3148,4)0(767,3)0(4644,6)0(2646,11)0(2623,4)0(2181,4)0(868,3)0(5147,4)0(3715,5)0(864,2)0(263,3)0(1389,5)0(1332,3)0(2429,2)0(9,4)0(771,2)0(2968,3)0(880,4)0(4435,5)0(504,2)0(9,3)1k0(3596,4)0(684,4)0(77,2)0(500,2)0(2982,3)0(39,4)0(96,2)0(1837,2)0(3317,4)0(73,2)0(5175,3)0(989,7)0(2193,3)0(896,8)0(851,4)0(318,2)0(1967,4)0(1084,3)0(2732,3)0(2273,5)0(3709,4)0(167,2)0(3847,3)0(92,4)0(213,4)0(1966,3)0(1008,5)0(151,2)0(38,4)0(1697,4)0(908,3)0(371,2)0(1146,3)0(80,3)0(377,6)0(4529,5)0(340,3)0(38,4)0(96,2)0(2082,5)0(888,2)0(1762,4)1
1M0(915,3)0(24,2)0(1340,4)0(609,3)0(29,3)0(1206,4)0(29,2)0(59,3)0(703,5)0(367,7)0(43,5)0(1036,3)0(55,3)0(2230,3)0(1632,5)0(1574,4)0(4668,6)0(210,2)0(974,3)0(3262,4)0(1508,2)0(195,6)0(34,2)0(2932,2)0(1545,4)0(4001,6)0(15,2)0(2094,5)0(137,3)0(338,3)0(3527,3)0(171,3)0(1071,2)10(1764,3)0(5047,4)0(164,3)0(938,2)0(1245,6)0(5050,3)0(678,2)0(1766,2)0(237,3)0(1867,5)0(345,3)0(5091,4)0(726,5)0(283,4)0(2231,3)0(5507,4)0(411,2)0(290,3)0(158,3)0(3001,4)0(1285,4)0(984,3)0(327,4)0(1927,3)0(1709,4)0(641,4)0(20,3)0(1788,4)0(4340,3)0(753,3)0(201,3)0(3190,5)0(4229,5)0(180,2)0(5651,5)0(1397,4)0(87,6)0(1794,6)0(3706,4)0(333,2)0(119,3)0(1394,3)0(71,3)0(2330,4)0(47,8)0(891,4)0(3934,5)0(269,3)0(258,2)0(2814,4)0(3269,3)0(140,2)0(4767,5)0(3063,7)0(46,2)0(1263,3)0(1881,4)0(77,4)0(74,3)0(1008,4)0(4377,5)0(3929,5)0(1500,7)0(2269,3)0(2491,3)0(422,2)0(99,4)0(1460,4)0(235,2)0(794,5)0(206,4)0(401,3)0(1956,5)1y0(2851,3)0(202,6)0(3293,3)0(497,4)0(1392,3)0(1571,5)0(44,2)0(191,3)0(16,3)0(4908,2)0(2595,3)0(17,2)0(1041,5)0(4781,3)0(929,3)0(3012,4)0(794,5)0(24,2)0(3450,3)0(3872,3)0(1457,3)0(1348,3)0(342,3)0(1220,3)0(293,2)0(103,3)0(69,3)0(882,3)0(5306,4)0(1249,4)0(3227,3)0(770,5)0(1913,4)0(1698,6)0(902,6)0(332,3)0(5469,3)0(2977,4)0(5445,4)0(317,2)0(4195,5)0(3336,3)0(53,2)0(66,2)0(3489,5)0(4161,4)0(192,4)0(3253,4)0(1180,4)0(976,2)0(4424,10)0(813,6)0(4047,4)0(336,2)0(4343,3)0(3839,5)0(5454,7)0(629,4)0(3943,3)0(2267,2)0(47,2)0(1783,3)0(2567,5)0(1963,9)0(5369,4)0(1112,4)0(1914,2)0(2714,8)0(57,5)0(1317,4)0(3669,3)0(2278,5)0(780,3)0(933,5)0(3338,6)0(859,3)0(3416,4)0(3017,3)0(724,4)0(38,3)0(1118,2)1U1j0(812,3)0(351,8)10(363,6)0(142,6)0(548,3)0(166,3)0(3718,5)0(2118,4)0(948,3)0(3774,4)0(230,2)0(5470,4)0(1145,6)0(105,2)0(1942,4)0(4661,2)0(195,3)0(54,5)0(1829,4)0(693,4)0(1704,3)0(227,3)0(47,8)0(4332,4)0(4856,3)0(70,5)0(1390,5)0(135,4)0(2173,4)0(46,3)0(1582,4)0(5479,5)0(14,5)0(988,5)0(1689,3)0(49,2)0(915,4)0(1181,2)0(1912,3)0(3128,2)0(4092,3)0(5785,4)0(2358,7)0(151,3)0(2488,7)0(767,3)0(2099,3)0(606,2)0(6091,3)0(2975,5)0(3736,5)0(2429,5)1w0(144,9)0(86,6)0(1125,3)0(241,3)0(5738,6)0(434,3)0(666,3)0(568,2)0(4159,4)0(932,3)0(940,3)0(750,4)0(1302,4)0(14,3)0(5140,6)0(132,4)0(3109,5)0(2643,4)0(2545,5)0(51,3)0(2824,3)0(1396,2)0(600,4)0(48,2)0(1721,3)0(5694,4)0(601,4)0(223,4)0(3860,7)0(335,4)0(390,3)0(597,3)0(123,3)0(299,3)0(721,4)0(5260,3)0(919,2)0(351,7)0(3055,8)0(5199,4)0(114,4)0(805,3)0(5439,4)0(954,4)0(3320,3)0(49,5)0(435,2)0(81,4)0(2113,4)0(6038,3)0(488,3)0(562,5)0(3225,4)1h0(2743,4)0(2070,4)0(7,2)0(4962,3)0(1153,3)0(44,3)0(524,7)0(1085,4)0(1366,6)0(2829,4)0(2410,2)0(6495,2)0(945,4)0(343,4)0(369,7)0(5315,4)0(2162,4)0(439,6)0(61,2)0(25,3)0(3153,3)0(913,4)0(3149,3)0(2498,2)0(5644,4)0(4340,4)0(337,2)0(6570,5)0(505,6)0(959,3)0(5248,4)1S0(1947,3)0(362,2)0(40,2)0(185,8)0(4334,5)0(1202,5)0(4864,2)0(86,2)0(905,5)0(4924,7)0(875,5)0(1373,5)0(1601,2)0(378,5)0(1555,3)0(5729,4)0(1448,3)0(6304,5)0(5406,5)0(4478,5)0(684,4)0(6314,11)0(1193,4)0(1392,8)0(2883,13)0(6315,5)0(6824,4)0(1485,5)0(1112,2)0(205,7)0(839,2)0(5768,5)0(598,4)0(2607,3)0(1756,7)0(388,4)0(442,4)0(6126,8)0(109,4)0(311,4)0(5996,3)0(935,3)0(1533,3)0(49,5)0(746,2)0(1665,11)0(691,2)0(380,3)0(560,9)0(578,3)0(421,6)0(155,2)0(1034,5)0(3338,5)0(409,4)0(872,9)0(4558,5)0(2863,3)0(1814,4)0(2883,5)0(1034,4)0(251,2)0(2616,3)0(1461,4)0(1858,4)0(3163,3)0(5981,2)0(3920,4)0(4067,4)0(2808,2)1G0(3687,6)0(631,3)0(2726,3)0(3759,4)0(2168,5)0(3724,4)0(3347,5)0(324,4)0(431,3)0(878,5)0(730,4)0(83,5)1y0(284,2)0(2953,4)0(488,4)0(2245,3)0(1122,4)0(6974,8)0(48,6)0(2372,3)0(1248,2)0(1386,4)0(14,6)0(1729,3)0(51,5)0(1887,7)0(6113,10)0(892,3)0(4533,13)0(4083,3)0(101,4)0(540,2)0(6970,8)0(3963,6)0(4781,11)0(7153,4)0(4852,7)0(4284,6)0(2658,4)0(2701,4)0(5064,5)0(51,5)0(101,2)1J0(277,4)0(4802,6)0(1037,2)0(1625,3)1j0(5535,5)0(5294,2)0(4662,5)0(385,3)0(2963,5)0(125,2)0(1319,2)0(24,3)0(4409,4)0(252,3)0(627,4)0(2023,4)0(3052,7)0(2798,4)0(4628,6)0(2718,3)0(3524,3)0(648,3)0(4388,4)0(41,3)0(812,2)0(6355,2)0(7151,7)0(1524,4)0(1584,8)0(4537,4)0(303,5)0(452,2)0(2099,5)0(2848,5)0(6556,3)0(2544,3)0(1723,5)0(1547,4)0(933,3)0(148,4)0(166,7)0(7101,3)0(291,2)0(5152,3)0(908,3)0(16,2)0(7326,4)0(2747,3)1S0(58,3)0(88,2)0(81,6)0(2521,4)0(4942,3)0(4741,6)0(494,2)0(3226,4)0(1635,5)0(1984,4)0(5234,3)0(15,3)0(2608,3)0(6079,4)0(3630,6)0(7298,10)0(4851,4)0(3421,4)0(3369,5)0(3283,5)0(3962,3)0(88,7)0(4738,5)0(1654,3)0(1366,3)0(1168,4)0(6945,5)0(4055,3)0(7234,6)0(1945,3)0(6266,4)0(7056,5)0(346,4)0(3570,3)0(6676,4)0(3803,3)0(97,3)0(1056,4)0(282,5)0(637,4)0(544,4)0(74,3)0(4698,4)0(2258,3)0(4119,3)0(1815,3)0(1736,4)0(4073,4)0(1094,2)0(3395,4)0(126,2)0(2934,4)0(4492,4)0(4985,2)0(458,6)0(7621,4)0(1467,4)0(1915,5)0(617,5)0(911,4)1j0(289,2)0(6696,5)0(7626,4)0(4733,8)0(287,6)0(6892,2)0(4232,4)0(149,3)0(853,2)0(3024,3)0(5340,4)0(4238,5)0(967,7)0(837,2)0(6370,4)0(250,5)1)0(5835,5)0(2448,4)0(57,7)0(3384,6)0(600,7)0(34,2)0(3022,4)0(1024,4)0(1449,3)0(2123,4)0(469,4)0(451,4)0(332,5)0(230,2)0(1420,4)0(146,2)1j0(1347,5)0(709,4)0(2579,3)0(9,3)0(3170,3)0(7,2)0(3930,3)0(164,3)0(6823,3)1r0(1893,2)0(918,5)1W0(788,6)0(253,3)0(2048,4)0(968,4)0(64,7)0(4995,3)0(148,2)0(384,4)0(905,6)0(392,4)0(4528,2)0(718,3)0(2281,7)0(1476,3)0(88,2)0(1940,4)0(3486,4)0(2162,5)0(1894,7)0(11,4)0(876,11)0(748,5)0(4228,3)0(348,7)0(243,2)0(2265,6)0(53,4)0(1245,2)0(2423,3)0(1387,2)0(389,3)0(573,7)0(6524,5)0(53,4)0(7385,10)0(454,8)0(4303,7)0(6381,6)0(107,3)0(2178,5)0(3638,4)0(1183,4)0(537,3)0(2525,4)0(4312,5)0(1199,5)0(2525,4)0(1434,13)0(94,4)0(3344,6)0(1078,3)0(1013,4)0(2573,6)0(5533,2)0(7281,3)0(1242,5)0(566,5)0(5863,5)0(158,3)0(1677,4)0(1128,8)0(1475,3)0(6920,3)0(47,3)0(2386,4)0(926,5)0(271,3)0(4023,3)0(11,2)1i0(1351,2)0(3093,3)0(202,3)0(540,3)0(810,5)0(669,3)0(5625,5)0(412,2)0(365,5)0(1430,4)0(54,2)0(631,2)0(8087,4)0(145,3)0(3161,5)1p0(1273,3)0(3715,3)0(1106,3)0(3519,3)0(4458,4)0(2908,6)0(1046,5)0(10,2)0(5584,3)0(527,2)0(7022,4)0(1396,6)0(3220,2)0(2922,4)0(814,3)0(1359,3)0(3838,3)0(1724,4)0(946,4)0(1048,7)0(5580,6)0(18,2)0(197,2)0(7488,4)0(758,16)0(6118,3)0(1180,3)0(1624,4)0(84,4)0(963,3)0(9,2)0(650,2)0(5306,4)0(6815,5)0(681,3)0(1036,3)0(5572,5)0(194,9)0(792,2)0(295,3)0(2827,3)0(7589,5)0(1860,3)0(390,10)110(4031,2)0(6251,5)0(537,3)0(251,2)0(8372,7)0(1094,3)1(0(7829,4)0(7429,5)0(3842,3)0(4207,4)1M0(1892,11)0(5667,3)0(880,6)0(23,2)0(4980,3)0(375,2)0(5376,11)0(4669,5)0(1405,4)0(4258,4)0(2923,4)0(3814,3)0(6635,3)0(1547,4)0(3342,6)0(1353,4)0(1069,4)0(1227,3)0(217,7)0(6909,3)0(88,3)0(70,2)1)0(4170,3)0(138,20)0(55,3)0(1332,3)0(3613,6)0(8037,5)0(147,2)0(205,2)0(49,5)0(4219,4)0(1269,6)1w0(6260,9)0(126,3)0(306,3)0(768,2)0(260,2)0(7280,6)0(2824,4)0(6917,3)0(1195,3)0(4559,4)0(1721,3)0(4375,4)0(1171,4)0(379,3)0(394,2)0(446,3)0(618,3)0(5748,3)0(970,3)0(338,3)0(679,3)0(400,3)0(46,3)0(827,2)1J0(408,3)0(626,3)0(728,3)0(3407,4)0(3516,2)0(33,2)0(1237,4)0(2431,4)0(2793,2)0(5173,8)0(8289,3)0(6676,5)0(5870,4)0(4804,3)0(1322,3)0(568,6)0(6693,2)0(1175,3)0(631,7)0(5161,4)0(1157,3)0(1684,3)0(859,4)0(43,4)0(2766,3)0(611,2)0(3383,3)0(3722,5)0(2042,3)0(1198,3)0(5899,4)0(102,3)0(2533,4)0(7631,4)1H0(42,2)0(65,2)0(2157,5)0(6677,3)0(5774,4)0(508,4)0(20,5)0(2284,3)0(5199,4)0(202,2)0(5547,6)1z0(1627,5)0(184,3)0(6722,8)0(1930,5)0(8631,6)0(8425,3)0(1591,4)0(34,6)0(861,5)0(1380,4)0(85,3)0(2337,4)1c0(7362,4)0(411,3)0(92,2)0(471,9)0(42,2)0(2542,3)0(3995,4)0(76,4)0(2718,3)0(198,2)0(1247,4)0(7048,8)0(2568,5)0(5666,2)0(50,3)0(5529,4)0(4686,4)0(96,3)0(6387,4)0(234,3)0(4781,3)0(906,3)0(4442,3)0(2692,3)0(6132,5)0(1456,3)0(135,4)0(69,4)0(205,3)0(3449,3)0(1340,4)0(4325,4)0(3570,5)0(2478,9)0(113,2)0(1502,8)0(3515,3)0(499,3)0(20,4)0(410,2)0(1775,3)0(495,3)0(414,3)0(5793,4)0(412,2)0(3912,4)0(426,13)0(1976,4)0(37,2)0(462,9)0(975,4)0(243,8)0(400,5)0(5255,4)0(637,3)0(6982,5)0(40,3)110(1136,18)0(255,2)0(605,7)0(157,4)0(1391,3)0(6659,5)0(172,3)0(3200,4)0(7769,4)0(369,3)0(4254,8)0(8694,7)0(5841,4)0(925,3)0(5581,3)0(4206,6)0(7318,5)0(42,3)0(91,3)0(1706,3)0(457,4)0(2896,3)0(8905,6)0(958,3)0(1537,3)1s0(990,4)0(1614,4)0(6472,5)0(3528,5)0(39,3)0(3791,3)0(6248,5)0(85,2)0(1390,2)0(2171,4)0(1828,4)0(7305,5)0(1415,5)0(272,3)0(4772,4)0(7238,5)0(8637,6)0(50,5)1C0(3721,5)0(6005,3)0(40,3)0(21,3)0(8164,4)0(2454,7)0(8570,5)0(6431,4)0(4003,5)0(9269,9)0(7100,3)0(6188,7)0(51,2)0(4000,4)0(6624,6)0(5187,4)0(1263,3)0(120,3)0(43,4)0(1064,4)0(5649,3)0(3822,3)0(783,3)0(8422,4)0(8194,3)0(2585,2)0(2184,6)0(2878,3)0(1211,3)0(2721,3)0(108,4)0(2329,3)0(226,2)0(6925,3)0(269,3)0(721,10)0(8178,5)0(232,3)0(1060,2)0(9196,3)0(4727,3)0(54,4)0(68,2)0(2746,2)0(5977,3)1m0(514,2)0(51,4)0(1162,4)0(4664,5)0(3840,7)0(49,7)0(5046,5)0(49,3)0(5696,4)0(3603,3)0(2253,4)0(7948,6)0(229,5)0(159,2)0(388,4)0(4850,4)0(1067,6)0(5063,4)0(464,4)0(6716,4)0(2105,3)0(3342,3)0(41,2)0(5858,4)1b0(8019,4)0(270,4)0(2783,4)0(148,9)0(7466,13)0(7529,3)0(848,3)1g0(813,2)0(3042,3)0(6042,3)0(419,8)0(8149,4)0(2121,4)0(331,5)0(2755,4)0(326,4)0(4628,3)0(6333,2)0(80,2)0(3512,4)0(46,4)0(1950,3)0(3166,4)0(7044,3)0(3086,4)0(8931,5)0(1843,3)0(99,2)0(745,2)0(1023,2)0(534,8)0(3413,7)0(3606,3)0(645,2)0(1948,2)0(4801,4)0(2886,5)0(2476,4)0(2455,4)0(446,6)0(3365,10)0(328,3)0(374,3)0(490,3)0(3443,3)0(3461,5)1z0(256,2)0(1602,4)0(369,2)0(3522,3)0(133,2)0(6149,3)0(286,3)0(1485,2)0(1059,3)0(184,2)0(4670,5)0(1257,3)0(158,3)0(3359,4)0(4215,3)0(7901,7)0(3978,5)0(314,3)0(1031,3)0(4871,4)0(3366,4)0(1954,5)0(2087,3)0(4244,4)0(41,2)0(7743,3)0(3446,4)0(327,4)0(6520,4)0(3538,4)0(6818,4)0(1479,5)0(1089,4)0(2565,8)0(1835,3)0(7978,4)1U0(5364,5)0(1141,3)0(627,6)0(1587,7)0(5001,4)0(568,4)0(339,3)0(2534,6)0(591,3)0(1341,3)0(1575,2)0(831,4)0(3522,6)0(511,5)0(3096,7)0(4719,6)0(48,4)0(2327,6)0(926,3)0(5901,2)0(219,42)0(220,44)0(221,51)